1
8
10
29
# ERROR 51 <urlopen error [Errno 61] Connection refused>
52
53
65
66
67
74
78
79
80
# ERROR 81 <urlopen error [Errno 61] Connection refused>
82
83
84
94
100
119
120
121
# ERROR 123 <urlopen error [Errno 61] Connection refused>
125
129
131
135
139
157
158
161
162
171
187
189
195
216
217
218
223
224
225
# ERROR 237 <urlopen error [Errno 61] Connection refused>
247
251
266
267
268
275
302
306
316
326
333
336
352
369
384
385
449
450
487
488
489
507
511
526
548
623
624
691
702
709
710
716
766
767
778
801
# ERROR 802 <urlopen error [Errno 61] Connection refused>
803
812
822
823
824
830
845
846
847
# ERROR 848 <urlopen error [Errno 61] Connection refused>
851
852
853
865
868
869
870
871
873
882
883
884
906
923
942
943
960
961
995
996
997
1020
1048
1050
1053
1096
1124
1125
1126
1129
1130
# ERROR 1131 <urlopen error [Errno 61] Connection refused>
1133
1154
1160
1161
1186
1188
1202
1211
1212
1218
1225
1250
1251
1252
1263
1277
1278
1294
1306
1311
1316
1325
1340
1350
1358
1367
1382
1389
1390
1391
1392
1395
1459
